0 646 657 749 556 670 605
1 1137 1034 1127 432 483 546
2 409 396 499 210 323 280
3 165 52 122 584 603 690
4 381 287 389 177 243 291
5 993 1012 1099 558 670 600
6 872 802 913 415 506 521
7 1214 1256 1326 495 601 514
8 1084 1156 1045 756 667 650
9 616 511 602 192 239 305
10 734 688 800 304 409 397
11 318 321 417 214 328 270
12 942 827 873 147 136 238
13 595 522 632 426 514 534
14 602 599 698 503 617 565
15 1117 1002 1048 141 130 232
16 467 354 428 583 606 690
17 333 310 417 399 511 476
18 1067 957 1037 540 573 650
19 145 42 135 499 550 613
20 408 322 428 232 308 344
21 1233 1328 1336 98 160 49
22 780 755 862 412 524 491
23 816 858 928 215 321 234
24 504 418 524 467 543 579
25 714 602 679 205 232 314
26 428 390 500 582 690 670
27 536 430 518 443 487 556
28 909 1004 1012 506 568 457
29 483 368 427 39 44 139
32 674 640 749 220 329 306
33 324 271 383 51 152 148
34 750 749 847 127 241 187
35 1006 896 976 473 506 583
36 1199 1084 1143 379 384 479
37 1089 1179 1196 321 391 281
38 260 189 299 542 632 649
39 254 167 272 342 416 455
40 623 508 557 238 231 332
42 505 391 431 372 355 460
43 583 651 697 141 232 130
44 515 418 517 175 237 289
45 1248 1185 1296 305 400 408
46 171 96 206 138 225 246
47 981 1017 1092 269 377 294
48 1155 1138 1243 547 660 620
49 989 1063 1102 511 597 492
50 1028 950 1060 177 261 287
51 255 326 368 152 241 137
52 1201 1210 1303 566 680 617
53 670 749 782 444 526 419
54 687 710 794 521 633 559
55 1157 1055 1149 91 144 205
57 711 599 674 298 323 406
58 241 132 152 281 243 353
59 889 802 907 275 349 388
60 462 348 415 335 350 439
61 1163 1063 1159 217 273 331
62 201 87 154 520 535 624
63 1111 1110 1208 236 350 296
64 998 1075 1110 47 131 24
65 412 301 327 363 330 440
66 185 256 298 457 546 442
69 81 -27 -6 320 284 394
70 832 731 732 515 460 572
71 251 278 360 543 654 577
72 438 445 539 261 375 314
74 693 587 675 173 217 286
76 1107 1015 1117 328 396 442
77 1086 1079 1180 276 390 341
78 891 988 992 333 392 280
79 991 882 903 131 95 205
80 394 361 471 49 159 133
81 178 66 95 355 326 434
82 1124 1010 1052 99 84 188
83 336 223 259 614 593 699
84 1131 1027 1035 98 49 160
85 1133 1018 1064 4 -6 95
86 1238 1137 1232 374 429 488
87 1121 1038 1145 434 513 546
88 439 330 350 350 312 422
89 1254 1277 1361 596 708 634
90 576 472 480 391 342 453
91 951 841 923 546 580 657
92 474 471 570 31 145 93
93 248 144 152 612 563 674
94 817 897 928 597 678 570
95 349 336 439 153 266 223
97 727 612 658 9 -1 100
98 384 277 364 0 42 112
99 1155 1211 1269 173 272 176
100 650 547 640 501 552 615
101 295 335 407 71 178 92
102 235 335 335 331 387 275
103 974 1039 1088 194 288 187
104 209 272 323 196 291 191
105 984 1052 1098 117 208 106
106 316 319 415 302 416 358
107 1204 1091 1126 229 206 313
108 75 143 189 43 134 32
109 792 769 876 83 195 160
110 1134 1206 1095 696 607 590
111 570 612 682 311 417 330
112 906 976 1019 138 228 125
113 741 627 667 569 552 657
114 568 665 669 147 206 94
115 309 284 391 322 434 401
116 1294 1197 1294 445 504 557
117 400 409 502 193 307 244
120 1134 1206 1095 756 667 650
122 661 547 613 442 455 546
123 435 508 548 549 637 532
125 444 453 546 129 243 180
126 1058 1157 1158 529 586 474
127 184 95 200 188 261 301
129 329 225 317 358 407 472
130 287 243 354 196 302 288
131 975 968 1069 466 580 531
132 1254 1199 1310 455 554 551
133 631 545 651 489 565 601
134 1164 1081 1188 289 368 401
135 191 160 269 107 217 190
137 927 871 983 147 247 247
138 1157 1043 1082 46 27 132
139 1078 966 1043 165 192 274
140 299 187 264 169 196 278
141 64 -43 40 111 149 223
142 492 385 472 472 514 584
143 516 403 475 588 609 695
144 517 520 616 221 335 277
145 633 626 727 549 663 614
146 572 458 500 125 110 214
147 618 513 602 467 513 580
148 471 524 585 138 239 145
149 342 388 455 450 554 465
150 1112 1145 1222 46 155 75
151 1131 1211 1242 180 261 153
152 754 847 859 384 450 338
153 426 386 496 72 179 162
154 78 87 180 406 520 457
156 222 235 326 128 241 175
157 538 612 651 370 456 351
159 118 191 231 201 289 184
160 536 531 631 295 409 358
161 1184 1112 1223 586 675 692
162 1090 994 1094 477 540 591
163 313 206 221 549 507 618
164 889 942 1003 132 233 139
165 65 112 178 85 189 98
166 233 130 223 499 550 613
167 482 377 466 562 608 675
168 389 460 502 263 352 248
169 1226 1115 1194 198 229 308
170 1129 1014 1070 139 140 237
171 489 455 564 16 125 102
173 619 646 728 221 332 255
174 852 743 763 520 482 592
175 82 59 166 382 494 459
177 633 565 676 48 140 154
178 906 791 852 8 15 109
179 1248 1137 1218 365 396 474
180 828 911 938 102 180 71
181 449 378 488 500 590 607
182 486 568 597 239 318 210
183 487 502 591 416 529 462
184 1224 1221 1320 482 596 544
185 883 974 989 40 109 -1
186 1210 1098 1175 170 197 279
187 946 982 1057 570 678 595
188 844 938 948 135 199 87
189 522 414 500 8 48 120
190 279 199 307 10 92 121
191 1110 1201 1216 443 512 401
192 1071 1072 1169 402 516 460
193 548 614 662 25 118 16
195 648 688 760 204 311 225
196 768 658 740 464 498 575
197 538 591 652 236 337 243
198 395 319 428 597 683 706
199 591 477 516 130 111 216
200 760 704 816 170 270 270
201 780 724 836 280 380 380
202 1260 1204 1316 20 120 120
203 1310 1254 1366 90 190 190
204 1310 1254 1366 60 160 160
205 1320 1264 1376 0 100 100
206 1360 1304 1416 70 170 170
207 1310 1210 1210 160 104 216
208 1310 1366 1254 120 20 20
209 1310 1366 1254 120 50 20
210 -39 -76 35 280 388 367
211 11 -26 85 280 388 367
212 -9 -46 65 330 438 417
213 -49 -86 25 360 468 447
214 -109 -146 -35 360 468 447
215 909 794 850 275 275 373
216 879 764 820 255 255 353
217 87 5 -23 43 -36 70
220 810 754 866 -60 40 40
221 906 791 852 -12 -5 89
222 886 771 832 -12 -5 89
223 760 704 816 -80 20 20
224 225 112 182 544 563 650
225 185 82 175 519 570 633
226 847 816 925 567 676 648
227 867 836 945 537 646 618
228 1134 1062 1173 596 685 702
229 1404 1381 1297 706 594 668
230 229 200 308 -50 61 32
231 199 170 278 -20 91 62
232 55 -48 45 499 550 613
233 55 -48 45 549 600 663
234 45 -7 -69 549 446 539
235 1374 1319 1430 415 514 511
236 25 117 15 579 509 465
237 903 994 1009 40 109 -1
238 903 1016 974 70 84 -18
239 893 983 998 70 138 29
240 1264 1306 1376 495 601 514
241 484 579 587 612 674 563
243 173 206 283 307 416 336
244 1184 1207 1291 616 728 654
246 244 191 303 1 102 98
247 955 841 907 616 629 720
249 301 377 413 346 431 325
31 801 696 785 357 403 470
56 980 946 1055 356 465 442
96 1015 915 1011 300 356 414
136 1022 911 990 265 296 375
158 605 530 640 265 352 373
30 1062 1016 1128 511 616 604
121 480 365 426 410 417 511
155 441 535 545 656 720 608
176 122 24 120 109 167 223
248 123 9 67 127 132 227
67 110 -2 69 108 129 215
75 226 118 204 149 189 261
172 302 375 415 87 175 70
194 166 258 272 389 456 345
68 184 179 279 377 491 440
124 323 378 437 438 538 443
250 1248 1343 1351 255 318 207
252 1182 1250 1295 -124 -33 -134
251 1308 1403 1411 235 298 187
254 1172 1205 1282 -44 65 -15
253 1418 1350 1304 345 253 354
255 578 644 692 -25 68 -34
256 970 886 991 316 393 427
257 98 107 200 366 480 417
73 502 557 616 162 262 167
258 710 728 815 97 209 139
259 -69 -47 38 200 312 238
260 -109 -87 -2 150 262 188
261 -109 -20 -2 180 251 140
263 -89 -67 18 160 272 198
262 -79 -164 -58 180 255 291
264 353 246 261 619 577 688
265 165 52 122 684 703 790
266 165 52 122 714 733 820
267 165 69 66 714 655 766
268 215 161 103 764 664 759
269 25 61 134 699 805 723
270 1202 1270 1315 -74 17 -84
271 414 329 436 -99 -22 12
272 384 299 406 -139 -62 -28
128 514 411 416 -89 -142 -30
273 454 369 476 -89 -12 22
118 548 614 662 -15 78 -24
242 779 672 687 46 4 115
274 1073 1188 1142 34 43 -57
275 829 715 781 616 629 720
276 849 737 768 666 639 747
277 804 692 723 696 669 777
278 844 746 739 716 651 764
119 602 591 693 597 711 665
219 -43 39 67 13 91 -15
218 1358 1326 1248 355 242 323
245 87 -17 -7 68 21 132
279 37 -29 -76 58 -34 66
280 1354 1257 1354 385 444 497
281 1374 1319 1430 355 454 451
282 25 51 -55 579 466 498
283 1434 1379 1490 395 494 491
284 229 200 308 10 121 92
285 792 716 826 73 158 181
41 751 681 792 114 205 220
286 1023 1138 1092 14 23 -77
287 1028 950 1060 147 231 257
288 -3 79 107 3 81 -25
289 1162 1230 1275 -74 17 -84
290 364 311 423 -99 2 -2
291 1152 1165 1255 -84 29 -36
292 1368 1273 1265 295 232 343
